Saint Moritz
4210.166128003374 10974.600316491831
4136.732768003246 10834.023516493971
3589.988548003026 10448.984316489486
3037.6820680033347 10152.943116493077
2572.584908002983 10139.948316493814
2279.7160680023367 10285.912316492557
2067.9178880030136 10361.005516493322
1971.025048003139 10315.505516494397
1922.8091880028246 10106.241916493047
1949.6117880027314 9685.49431649285
1989.758048002942 9420.684316494146

Andys Double Gold
3353.9527480030542 8524.079516491156
3167.775548002116 8495.723916493433
2953.3547480028615 8443.162316489577
2646.882868002976 8409.819916493063

Ralphies
3326.5161080018815 9168.359516493922
3009.207908002324 9050.933116492444
2628.985648002701 8950.541916493477

Patrolmens
3074.052908002429 10921.092316492433
2938.0801480025184 11064.581116493286
2793.7207680028946 11198.059916493548
2618.0052280033933 11241.448716493665
2446.4685880035804 11311.518716492628
2396.2641480025522 11391.598716492183

Saint Anton
6716.497428003148 10465.910316493308
6594.329448002787 10135.216316490243
6435.271868003413 10072.863116493521
6108.51070800192 9786.94111649122
5796.707128003209 9401.647116491516
5445.794808002077 8869.042316490266
5103.989608002935 8234.335516493331
4817.6629080029725 7802.959116493071
4495.368848002488 7461.527116491254
4181.576688003063 7398.95551649198
3759.8824480020726 7284.259116493957
3450.52856800332 7222.706716491075
3307.14906800286 7259.907516491296
3048.748948003653 7588.781516493782
2762.2493280037174 8052.226316493772
2537.309228002353 8368.287516491364

Powder Bowl
4627.710288002966 8701.274716492775
4320.172068002906 8524.407116492399
4010.5299880028324 8544.42711649358
3560.765068003498 9088.352316490045
3368.305108002859 9258.522316489745
3146.535208003729 9351.961116492817

Gus Pasture
1716.7461880029464 9951.65111649436
1745.9120280038492 9854.754316489674
1837.7613680021227 9473.136716494138
1869.2904480019733 9400.991916494206

Blue Ox
3168.8707080026275 8344.227116492108
2959.6951480032358 8149.851116491447
2767.235188002597 8154.837916490237

Gravy Chute
4081.2830880023553 9355.419116489258
3933.205928002289 9343.953116492343
3826.946588003537 9259.21391649007
3796.1091880035783 9037.79271649148
3793.5442080022726 8933.907116493061

Main Park
2657.7480080029845 10089.789116492171
2249.829728003253 9535.853916489941

Broadway
3849.685568003055 10339.602316491493
2287.0075280035862 8921.421916489408

Stump Alley
3022.551568002628 10079.633516489877
2127.2294480019355 9345.481916489518

Glades
4110.910048002504 9541.823516492457
3899.342428003827 9659.286316491773
3717.2576680036145 9768.231516489834
3429.403508002184 9761.82511649256

Mambo
3445.3409680020827 10917.96191649206
3268.2132480024607 10989.269516489969
3145.6706080038643 10906.277516492593
3005.490128001881 10839.556316491382
2830.8121080022174 10757.801916492952
2683.714828003363 10736.689916489355
2512.552848003833 10709.535516492735
2372.9775880027787 10808.143116494137
2274.4420080021373 10816.66071649022
2121.2637080038917 10760.313516493852
2042.0087080033086 10625.305916491243
1979.9016080024344 10451.059116490454
1928.2849880033339 10431.83991649346
1877.7347080023603 10486.03951649318
1819.8929680021847 10649.948716492134
1700.6934480037487 10880.142316492367
1537.5146080033119 11042.486316491137
1463.5624880032651 11365.499916489796
1477.2808080038517 11821.81031649435
1567.1127480031232 12147.84511648952
1681.8451680025987 12316.850316491127

Terry's Run
4290.7180280027305 8189.053916491786
3979.5196680029007 7930.431916492978
3647.426808002582 7559.188316491941
3401.621028003113 7521.659916490478
3140.1083480023444 7784.431516491224
2834.1840480027145 8013.860716490285

Phantoms Escape
2175.618228002223 10848.98391649034
2060.482328002128 10891.681116490134
1938.6601880037601 10957.892716490562
1755.2497080023898 11000.589916490355
1658.6162480034986 11155.107916493364
1603.7141480028638 11430.40111649043
1629.8538880032154 11626.451516489964
1708.3019280025596 11922.601916490237

Jills Run
2009.932048003202 10378.768716493994
1842.6031280034138 10438.573916491976
1707.379688002021 10442.832716492603
1661.8729080026483 10376.621116492173
1669.8848680020787 10158.803516491731
1716.7461880029464 9951.65111649436

Forest Trail Park
3451.133788002201 10782.626716493382
3283.776048002076 10745.09831649192
3085.0333280037844 10599.097916490166
2792.164488003138 10544.861916492608
2569.904648002378 10323.804716493101
2381.6235880034756 10056.847116492576
2164.5801680022414 9831.603916493294
2054.7759680030194 9618.882316490328

Wall
4508.078468003573 9742.4967164917
4248.669648002817 9962.753116492195
3974.591448002647 10079.524316491188
3736.1059480027166 10076.211916491275

Fascination
3644.429528002368 8864.783516489639
3322.2795680035674 8801.374716493512
2974.998568001868 8781.354716492331
2575.438088003561 8641.21471648923

Sesame Street West
3059.7870080036346 6859.17991649228
2956.6978680030215 6869.845116490183
2900.6717880035867 6894.851916490154
2814.989928003666 6894.851916490154
2658.6126080028494 6891.430316491551
2490.447908003533 6893.141116493439
2368.3375680038453 7029.823116489752
2298.7372680034596 7270.7183164909
2184.1201280032833 7550.925516491077
2179.854768002585 7754.219516489911
2147.7204680038526 8160.843916490592

Easy Over
2599.0128480026074 10444.87111649056
2474.7121880018967 10705.6771164942
2360.5561680030137 11018.753516493121
2302.1380280022454 11481.725116490168

Knee Deep
3376.547628002936 11607.086716491267
3298.6471680038476 11820.900316491476
3170.0523280021016 12031.838316491701
2987.102968002024 12132.957516494003
2860.2949680027295 12104.055916492485
2731.7001280030313 12002.936716490183

Critters
4120.852948001973 4590.295116493394
3995.111288002853 4724.90231649391
3915.6545480019604 4943.9939164911375
3829.626848002094 5215.865516489601
3760.1130080027187 5471.903116491831
3692.2707280024 5577.4631164943
3563.1859480031194 5690.994716494231
3293.4595680026105 5775.442716493103

Commin Through
3722.5029080034774 7240.105916492666
3476.581848002661 6928.521916493082
3285.2458680028703 6664.54911649123
3130.1078080022007 6379.9739164917355
2976.670128002972 6245.512316492921
2874.070928001942 6213.844316490111
2778.1003280026057 6205.945516493501

Stump Alley
3892.9155680024423 10776.220316490935
1986.7895880030644 12331.665116490967
1907.9957080037743 12381.969916494312
1791.6493680038684 12456.262316490893
1722.0490680034827 12488.512716490164
1707.6102480026677 12491.7523164944
1705.9098680032748 12481.451116490405
1713.5471680024225 12464.779916492149

Lower Dry Creek
4173.449448002286 13479.393516493075
4003.1520680026206 13541.85591649366
3940.238008002555 13530.499116490262
3820.3468080021794 13488.857516489872
3754.4642880022366 13475.607916490218
3680.022228002608 13474.661516489505
3604.4273680038414 13457.699116493019
3535.662848002984 13456.679916491452
3485.804248001902 13445.323116493228
3416.953268002082 13408.959516489858
3334.3263280030496 13365.789116492295
3282.363868001956 13309.259916491214
3158.207308002929 13189.50391649355

Drop
3141.0594080032197 12355.434316491994
3007.017588003349 12577.911116489986

Lost In The Woods
4709.3861680031705 14865.833116491502
4556.179048002541 14806.20991649306
4332.651128003345 14770.283116489623
4223.423328002667 14783.168716490196
4140.191168002705 14792.851116489544
3874.124928001966 14874.095916492366
3704.3174880018823 14779.310316491661
3537.3055880037514 14607.757116491313
3319.3975680026524 14445.231116493005
3118.4357080030013 14436.203916490967
2923.151388002121 14332.354716490387
2758.99266800252 14102.124716492312
2653.914948003242 13960.965516492819
2518.259208002941 13901.77911649431
2423.2108480020956 13848.161916491052
2371.0466480027394 13766.80791648954

Lodgepole
4496.521648003673 5487.737116493236
4273.109008003776 5611.7883164893665
4094.3961880020124 5690.994716494231
3948.7687280019045 5727.94071649406
3806.4555680036674 5838.778716493551
3670.7710080030297 6065.8055164904
3571.48610800387 6303.351916493795
3480.472548003077 6419.504316493317

New Critters
4367.436868002344 5318.804716492479
4188.724048002629 5371.584716493715
4001.7110680021633 5400.631916491761
3887.5262280029433 5432.299916489399
3794.8699280034307 5514.1271164938535

Comeback Trail
3894.5294880028728 13001.352316490626
3840.4631680038137 12917.013516490442
3681.1750280037927 12735.304716492976
3569.7569080020926 12702.908716492004
3409.4600680025706 12655.843516492894
3178.5254080028253 12688.348716492555
3058.51892800315 12673.897916491796
2887.5010480032556 12569.429916491743
2685.3575680020826 12459.647516491657
2550.6240680023197 12434.094716493064
2240.8378880026107 12494.77351649091
2040.9135480027971 12410.070716491646
1907.9957080037743 12381.969916494312

White Bark Ridge
4442.138308002957 4470.648316489246
4322.650588003201 4343.066316490649
4211.866508002767 4251.5203164941795
3914.5017480028228 3937.060716489441
3672.1255480024765 3632.902316493869
3520.215328002668 3529.781116491449

Sant Moritz
3007.651628002567 11273.771916493786
2914.5918480024347 11164.899516491403
2831.8496280020554 11039.501516492464
2724.293388002482 10884.437516490834
2604.3157280031437 10792.05431649234
2476.0955480037283 10785.465916490353

Rogers Ridge
4023.210788003581 11419.299116492595
3814.899828002007 11549.319916491242
3709.8509280030653 11766.009116491432
3689.907488003452 11919.143916493795
3700.8014480037973 12115.631116493261
3662.759048003599 12447.890316491339
3569.7569080020926 12702.908716492004

Lower Road Runner
3520.215328002668 3529.781116491449
3432.948368002654 3555.5523164925944
3222.8793880030607 3937.060716489441
3112.9887280028283 4272.159116489661
3070.969168003252 4540.2087164926
2996.6423880029224 4746.451116492267
2957.850668002159 4911.415916490625
2999.8702280037833 5205.273116492549
3007.4210680019205 5215.210316492289
3122.5281480037265 5362.812316492068
3128.2921480035084 5473.104316492936
3126.418848002095 5710.90551649155
3123.911508003511 5886.717516492525
3085.3503480033937 6080.511116491551
3006.2682680027833 6209.694716493345

Ponderosa
3735.298988003525 5857.269916492385
3597.942868003831 5923.263116490261
3465.5726080030163 6015.646316493929
3271.95984800324 6266.405916493966

Easy Rider
3894.5294880028728 13001.352316490626
3690.6568080019697 12956.252716493793
3450.096268002363 12978.820716493716
3172.7325880027065 13060.101916494375
2937.820768003583 13209.087116489627
2756.687068002198 13263.250316491507
2609.503328002333 13195.546316491744
2445.344608002732 13100.724316493199
2337.8171880034956 13087.183516490142
2185.244108002084 12965.061516493279
2000.4214480026405 12799.077516493355
1865.774408003888 12625.303916490338
1892.0294280035391 12598.3679164911

Wall Street
5147.651908003279 15186.699116493513
5049.606268002219 14762.821116492943
5027.558968002593 14719.068316493747
4944.874388002887 14555.12271649178
4703.968008003335 14342.255516492287
4474.6760880023085 14116.53911649006
4239.764268003185 13913.354316489915
4030.300508002473 13768.882716490509
3894.44302800391 13737.287516493723
3682.1837280032937 13791.450716490432
3503.8743880021498 13881.75911649313
3376.4899880022626 13922.381516491952
3135.9294480026565 13877.24551649211
3036.8751080020957 13841.136716494304
2827.4401680037686 13777.909916492546
2637.8045680033706 13687.63791649286
2499.1227280025187 13592.815916494317
2381.5947680031386 13511.425516489795

Secret Spot
4221.550028003301 4447.425116492013
3904.8182280022884 4519.606316489785
3733.512148003122 4576.317516490406
3594.5421080029973 4741.282316493936
3439.4040480023277 4921.717116489446
3303.661848003064 5035.139516490688
3255.186608003814 5127.923116491274
3213.1670480021894 5365.069116492577

Bristlecone
4448.536348001957 6701.27671649368
4061.7143080030246 6645.184316492532
3861.0694680029824 6721.041916489298
3577.6824080025604 6628.658716490804
3430.815688002305 6486.807916490989

South Park
5027.558968002593 14719.068316493747
4709.3861680031705 14865.833116491502
4631.370428002735 14901.723516491928
4308.701708001968 15217.74831649168
4078.862208002734 15574.249916493727
4000.1836080027433 15696.29911648974
3702.991768002772 16210.958716490779
3575.636188003222 16522.469916489514
3320.8962080037836 17136.465116490115
3142.5868680026397 17497.62591648971
2949.1758480031735 17960.233516492848

Gibs Galore
3860.406608003427 15397.673516491579
3687.745988002766 15765.531916491853
3532.8673080030794 16065.831916494062
3432.688988003719 16327.657116494094
3372.426368001874 16434.199916489946
3265.763548002502 16502.231516490952
3163.7407480020643 16616.163516492976
3051.5444880035575 16843.954716490996
2987.5352680029805 17139.85031649088
2955.0839480025916 17327.7107164904
2893.870268001919 17457.91351649376
2830.8121080022174 17628.010716492612
2746.398328002782 17818.855916490804

Side Show
4988.363768003258 16096.990316490917
4913.835248002619 16118.939516491366
4803.858128003423 16173.503116490167
4621.225788002956 16334.281916493921
4365.24654800337 16577.251916490866
4263.684868002177 16786.479116494378

Hansel
2927.5896680027927 18998.725516493494
3046.068688003048 19128.30951649221
3098.5210880037243 19247.08271649132
3112.06648800229 19508.944316494366
3088.3764480018967 19711.437516494185
3071.4302880024975 19921.97511649232
3108.6657280035042 20073.180716490242
3183.13660800347 20210.84551649028
3221.640128002913 20345.816716489877
3327.6689080030665 20652.122716492442

Clover Leaf
4229.763728003041 19363.599116489924
4189.502188003532 19688.32351649047
4122.783888002013 20032.70391649312
4063.558788002054 20338.39111649104
3965.3690480034056 20791.461916491357
3930.8426880033408 20982.01591649132
3911.850308002555 21098.204716493852

Sleepy Hollow
7345.782128003438 19099.51711648938
7347.396048003869 19188.18751649104
7327.020308003299 19553.898316489496
7363.391148002393 20123.376316489725
7397.312288003576 20711.563916491345
7324.743528003313 20873.2527164928
7137.499988002201 21210.57151649052
7048.647928002093 21443.422316493354
6894.172728003026 21568.27431649367
6830.739908003042 21653.122716489463
6737.622488002236 21814.62951649138
6663.55508800289 21949.600716490975
6564.097268003758 22175.717516490124
6348.293108002672 22726.63151649067
6225.692828003402 23049.46311648979
6155.977248003717 23376.29871649432

Redwing
5451.270608002586 19654.398716492324
5228.376728002609 19650.139916491695
5090.847688002941 19679.660316492686
4929.54214800187 19742.923516492283
4810.515548003407 19801.964316494264

Lupin
6261.141428001957 19036.181116494106
6265.205048002346 19098.133916493905
6297.281708002452 19319.300316492103
6211.138728003287 20451.52231649405
6188.543848003405 20939.86471649015
6178.658588002561 21153.423516489966
6155.631408003771 21727.924716491998
6129.8951480019905 22358.554716493018
6098.510168003824 22911.25231649113
6061.245908002481 23559.39071649243
6039.919108003083 23673.32271648928
6052.801648002094 23899.07551648935
6050.00610800219 24045.257916490642
6025.624388001905 24790.365916492305
6026.114328003534 25373.05711649435
5990.031688003713 25625.418316492414

Bridges
5454.959568002692 20854.943516493506
5486.085168001924 21235.50551648964
5538.998688003893 21673.142716490645
5573.294488003312 22010.861916490456
5565.39780800318 22267.627516490847
5562.37170800263 22609.678316492136
5570.87360800369 22826.731516491407
5585.456528002093 22943.975916493342
5615.832808002807 23069.919916490904
5643.154168002633 23130.01631649229
5675.980148003305 23172.64071649123
5720.305308003203 23201.724316492287
5799.300928002804 23235.612716492597
5835.153008001978 23255.013916494307
5881.927868003883 23300.55031649107
5908.038788003898 23358.681116490174
5945.706528003813 23484.661516490745
5971.241048003236 23550.545516489932
5999.772848002873 23611.58831649203
6039.919108003083 23673.32271648928

Chickadee
6265.205048002346 19098.133916493905
6162.0006280024345 19254.18071649409
6136.523748003685 19573.554316491594
6021.791328002162 19869.449916491474
5790.91430800309 20308.579516491816
5726.905088002513 20412.68351649279
5565.71482800279 20674.799916491054
5454.959568002692 20854.943516493506
5387.5784080036665 20964.507516491038
5163.445268003541 21123.721116489436
5072.460528003085 21169.5487164896
4999.459468003913 21173.80751649023

Little Bird
3324.9598280021246 17492.67551649393
3323.6052880026778 17813.577916493785
3330.3779880019606 18018.764716494046
3304.987568002174 18361.61631649435
3255.907108001995 18650.48671649231
3250.8347880021047 18906.92471649146
3260.9794280018846 19163.399116493623
3276.225208001891 19530.529516490562
3343.923388002574 19838.291516489448
3370.898908002454 20028.55431649118
3352.68466800257 20396.230716491915
3327.6689080030665 20652.122716492442
3312.048468002777 20811.95511649031
3307.840748002752 21175.190716490873
3306.4285680026314 21436.688316489664

Downhill
4871.815688003042 16639.459516491057
4707.88752800204 16628.211916491524
4481.765808003249 16777.23351648979
4319.278648002703 17066.649916491544
4221.7805880019005 17351.734716491817
4220.3107680031535 17416.05351649082
4216.99646800333 17562.053916492572
4215.036708002954 17647.59391649386
4248.871388003127 17965.074716489937
4303.024168003196 18433.72471649127
4303.888768003061 18563.381516490837
4305.7332480020905 18835.435116494013
4229.763728003041 19363.599116489924

Encore
4679.78802800336 17490.782716492504
4685.119728002185 17607.66311649019
4586.007748002999 17765.056716493178
4482.745688002413 18037.729116490653
4428.592908002343 18256.38391649312
4374.757148001883 18421.78551649141
4303.888768003061 18563.381516490837

Roller Coaster
4737.428028003225 15283.850716493418
4499.864768003833 15488.455116492049
4318.241128002866 15771.283116491815
4187.196588003209 15965.040316493003
4075.432628003611 16130.296316489592
3824.698628003888 16514.35271649035
3805.7638880037757 16548.85991649013
3678.8694280034706 16778.070716491813
3557.1625680023544 16994.759916492
3324.9598280021246 17492.67551649393
3211.870148003416 17712.567916490174

Big Bird
3621.373528003241 14837.950716491549
3377.959808003057 15086.271516491535
3114.746748002895 15388.755516493404
2930.7886880033166 15307.474316492744
2803.433108003766 15280.392716491804
2758.1280680026553 15533.22711649281
2667.575628003155 15953.064716490133
2574.170008003077 16291.657516489806
2528.8937880023027 16526.43751649191
2571.3456480028353 16905.652716490407
2625.0661280019485 17263.10071649317
2674.2330480031383 17798.653916490082

Hully Gully
5727.13564800316 18689.90791649003
5595.975828002156 18646.191516493844
5434.6702880031335 18819.164316492675
5334.174948002115 19080.661916491466
5193.99446800218 19236.74511648949
5112.001568002365 19300.008316494255
4971.849908002767 19439.20191649147
4866.05168800326 19633.25031649089
4733.825528002082 19780.88871649368
4501.104028001933 19966.49231649269
4384.757688002027 20114.13071649031
4318.644608003486 20392.51791648991
4247.574488002306 20530.801516489417
4171.6049680032565 20649.574716493702
3965.3690480034056 20791.461916491357

Round About
3615.0619480032033 17158.377916492725
3613.3903880020994 17347.366716492503
3594.772668003644 17614.615516491256
3582.927648002423 17830.61311649112
3586.2995880029202 17992.55671649297
3568.6041080029554 18392.847516492053
3561.8025880033356 18496.077916493163
3541.743868002375 18800.60031649299
3523.4719880038656 19176.211916493343
3496.4100080029752 19528.782316490833
3469.9820680033513 19861.369116490154
3370.898908002454 20028.55431649118

Swell
5769.616328001982 18796.050316494133
5476.978048001982 19595.285116489493
5451.270608002586 19654.398716492324
5278.581168003636 20051.631916491886
5237.224468003615 20146.745116493832
5225.72528800234 20173.17151649229
4963.924408002299 20447.33631649427
4757.630848003822 20586.566316489327
4635.98162800338 20675.127516492295
4465.568968002367 20703.88351649211
4434.990948003391 20708.870316490902
3965.3690480034056 20791.461916491357

Follow Me
5147.651908003279 15186.699116493513
5143.011888002297 15503.197116491037
5107.909128003687 15643.409916489816
5058.108168003279 15841.78991649071
4988.363768003258 16096.990316490917
4942.050028002646 16266.177516492064
4871.815688003042 16639.459516491057
4857.117488003291 16717.646716494357
4844.407868002206 16850.288316492595
4820.343168003577 17101.375516493874
4822.619948003563 17145.856316491234
4840.142508003555 17489.654316492248
4861.988068002872 17536.974316491753
4891.787948002992 17572.537116490934
5000.352888002067 17636.309916491315
5045.917308002113 17735.099516492257
5080.731868003498 17810.19271649302
5380.776888001999 18126.217516492772
5468.649068002942 18222.568316493664
5570.4124880023965 18333.879516490924
5727.13564800316 18689.90791649003

The Acts
4822.619948003563 17145.856316491234
4679.78802800336 17490.782716492504
4665.550948002854 17524.780316491502
4531.854968002929 17576.10431649124
4409.975188003888 17522.08671649106
4315.186208001978 17476.186316490042
4276.740328003209 17480.08111649159
4216.99646800333 17562.053916492572

Water Tank
6188.543848003405 20939.86471649015
6321.087028002145 21303.427916491957
6351.549768003869 21678.67551649323
6397.258288003552 22045.805916490168
6348.293108002672 22726.63151649067

Christmas Tree
5726.905088002513 20412.68351649279
5757.310188003564 21577.811116491317
5868.38246800327 21965.871516492312
6019.139888001893 22358.190716493937
6098.510168003824 22911.25231649113

Spring Canyon
3561.8025880033356 18496.077916493163
3635.697068002709 18558.613116489425
3745.789468003251 18569.93351648981
3813.314728001913 18795.249516489945
3820.2603480032167 18818.29071649281
3840.578448003113 19053.143516490592
3869.340808003396 19342.013916493728
3849.0227080034997 19622.767116492527
3759.3348680038644 19989.933916492475

Ginger Bread
3554.539948002423 19207.04271649413
3657.7731880026718 19261.023916491296
3703.4817080023545 19452.706316491516
3708.554028002244 19525.57911648961
3686.5643680032917 19706.450716490224
3666.2462680033955 19957.537916491503

Holiday
5727.13564800316 18689.90791649003
5769.616328001982 18796.050316494133
5795.006748003816 18859.422716492416
5932.535788003483 18973.28191649359
6097.703208002585 19008.40791649284
6210.2453080030855 19032.35911649341
6257.2795480018785 19035.8899164907
6261.141428001957 19036.181116494106
6519.685648002849 19057.657116491613
6807.972108003188 19201.073116491614
6913.395668002411 19316.6431164895
6971.957908002815 19326.907916490483
7030.491328002883 19308.85351649158
7187.675608002891 19169.550716490507
7247.01598800215 19116.69791649359
7345.782128003438 19099.51711648938
7437.314448002103 19083.610316492297
7537.953888002757 19066.101916492014
7699.864648002709 19180.725516494364
7770.7042080032425 19230.593516492605
7913.536128003446 19268.558716494
8178.046088002381 19285.448316489634
8247.069988002175 19284.538316491933
8334.625148003508 19283.409916491677

Round Robin
3956.924788003019 17029.12151649008
3943.3793880024054 17317.9555164902
3932.7448080030435 17457.29471649429
3919.689348002012 17628.41111648953
3928.162428002736 17828.210716494083
3978.9144480019713 18011.775916489965
3992.459848002585 18198.034716491464
3980.614828003412 18446.428316492304
3990.759468003192 18686.668316490966
4051.713768002881 18935.025516493966
4043.240688002157 19161.797516490424
4011.0775680030883 19437.163516493514
3977.242888002915 19688.25071648962
3921.389728003453 19947.382316494382
3838.4457680027635 20217.36111649142
3792.766068003418 20287.540316494244

Juniper
6211.138728003287 20451.52231649405
6453.111448003014 20887.70351649356
6635.916708003455 21171.1503164928
6807.655088003578 21486.99311649301
6830.739908003042 21653.122716489463

Crosswalk
4801.0625880035195 15477.1711164895
4650.852748003103 15656.004316492159
4517.560248003798 15919.212716492837
4339.856128003584 16111.550316490366
4217.140568002967 16280.300716491582
4128.288508002859 16469.25311649352
4054.24992800385 16499.647116494372
3805.7638880037757 16548.85991649013

Gretel
2924.188908001959 18499.28111649439
2937.7343080025726 18774.647116492302
2927.5896680027927 18998.725516493494
2839.5733880022135 19174.209916493226
2700.805088002399 19292.983116492338
2680.8328280024484 19325.488316492
2667.402708003182 19363.890316493325
2654.433708003161 19404.51271649215
2647.516908002194 19456.27351649182
2648.06448800245 19514.477116491777
2655.5576880019617 19573.445116492905
2685.588128002729 19646.64551649224
2785.420608002144 19857.183116490374
2797.9861280035934 19910.76391649062
2804.0383280026476 19962.488316492454
2810.8110280019305 20100.153116492493
2795.594068002261 20245.935116491695
2739.7409080027983 20424.113116491866
2710.9497280021783 20772.35191649305
2744.8132280026884 20888.46791648956
2832.8006880029307 20999.12391648951
2907.2715680028964 21101.735516491146
3032.5232880024346 21242.093916491627

Blue Jay
5278.581168003636 20051.631916491886
5225.72528800234 20489.523916493283
5135.806888002058 20873.39831648933
4999.459468003913 21173.80751649023
4839.220268003017 21272.70631648986
4640.218168003741 21429.335516491676
4392.106788001903 21651.95791649137
4298.960548002808 21723.26551648928
4181.317308002081 21780.37711649199
4044.652868002278 21786.273916493657
3955.743168003545 21702.371916493405
3957.241808002628 21660.147916491384

Avalanche
5107.909128003687 15643.409916489816
5056.580708003859 15692.768316492447
4951.791188003854 15818.384716493938
4824.9255480038855 15912.6971164917
4619.121928002943 16040.715916490228
4377.92734800207 16145.293116494144

Red Tail
5237.224468003615 20146.745116493832
5019.460548002152 20084.573916491478
4852.8233080022555 19983.345516490488
4694.169208003501 19920.08231649089

Lower Grizzly
5468.649068002942 18222.568316493664
5450.809488003341 18285.64951649372
5394.552848003259 18501.865516490965
5342.532748003539 18648.739516492584
5292.2418480035485 18760.269116492396
5219.759548002248 18882.64591648965
5147.017868002013 18911.838716489397
4929.54214800187 19156.592316494254
4752.327968003286 19224.077916491467
4635.98162800338 19434.979516493855
4501.104028001933 19692.291116492866
4122.783888002013 20032.70391649312

Manzanita
6265.205048002346 19098.133916493905
6560.004828003032 19316.6431164895
6725.316348003818 19495.91311649209
6788.115128002536 19785.911916490306
6824.485968003678 20165.527516490896
6883.99926800291 20323.7219164929
7085.68162800279 20603.164716491905
7324.743528003313 20873.2527164928

X-Course
3801.844368003023 15299.21151649188
3647.8879280038755 15324.473116492243
3473.526928003821 15476.188316490949
3226.74126800314 15797.636716489422
3095.408528002163 16173.248316489775
2916.551608002811 16603.02311649201
2835.0198280022423 16935.3187164931
2762.5663480033268 17238.67631648966
2736.224868002665 17475.713116492272
2717.6647880028354 17645.846716494132
2718.6158480037107 17789.335516489813

Pumpkin
8247.069988002175 19284.538316491933
8245.225508003145 19387.841516493892
8191.043908002739 19618.726716489276
8009.074428003873 19969.695516493914
7822.868408002599 20418.507516493606
7655.683588002446 20644.58791648974
7558.358448003663 20820.072316489473
7439.879428003408 21184.509116491143
7232.490708002372 21626.587116492316
7025.130808003721 21967.40031648949
6832.584388002071 22335.222316491923
6621.016768003395 22547.834716491023
6464.437708002268 22757.025516491525
6305.754788003176 23074.251516492383
6155.977248003717 23376.29871649432
6107.040888003174 23594.553116489522
6052.801648002094 23899.07551648935

Gremlins Gulch
5536.433708002588 9102.475516489561
5325.701868003439 8861.980716490507
5165.260928002233 8704.73271649439
4991.274588002461 8535.181516494162
4796.047908002255 8371.745516492978
4656.876128003869 8263.855916494322
4440.351468002554 8229.931116491003

Waterfall
6231.600928002819 11415.91391649183
5929.538508003268 11830.218716491743
5621.452708002953 12263.815516489502
5325.442488002456 12923.82031648981

Goldhill
8148.04446800195 12826.595916494227
8124.210328001921 12671.422716493908
7976.594288003147 12640.55551649011
7883.159848002732 12621.882316491736
7643.896208001899 12685.873516489493
7469.909868002128 12848.472316493826
7423.365568002917 13100.214716492417
7329.7293880021925 13803.57191648983
7362.958848003484 14444.32111649013
7393.940348003079 14908.930716493387
7601.7037280023505 15498.90191649257
7641.792348001887 15893.696316492082
7650.4671680029205 16109.87591649149
7753.902148003479 16962.80071649096
7960.2821680029665 17479.9719164929
8087.954768002126 18616.34351649161
8193.98354800228 18958.53991648943
8313.2118880031 19211.046716494366
8334.625148003508 19283.409916491677
8370.938348001928 19540.43031649246

Back For More
6302.815148003636 15753.592716491994
6473.054888002627 15891.512316492424
6688.109728003148 15980.146316491073
6879.0134080019825 16192.139916490703
6990.172148002699 16512.02311649416
7050.607688002469 16843.445116490217
7033.690348003407 17147.931116492204
6893.509868003472 17425.44471649194
6818.606688002549 17764.583516490235
6797.654548003435 18196.651516490816
6830.538168002732 18443.26151649409
6972.159648003125 18822.039916492657
7187.675608002891 19169.550716490507

Havent The Foggiest
6376.450248002026 15559.944716489497
6567.296288002234 15683.377116491329
6746.124388003297 15783.586316490755
6903.193388001958 15957.03231649253
7000.259148003854 16231.233516492353
7069.945908003201 16565.967916493493
7130.352628002634 16955.22951649042
7202.834928001887 17302.085116490958
7260.8495880020355 17695.205116491594
7355.09098800369 18053.63591649291
7463.828848002737 18400.491516493446
7478.354128002515 18627.882316489377
7439.677688003098 18997.88831649147
7437.314448002103 19083.610316492297

West Bowl
6148.224668003222 10424.559916491147
5867.921348001977 10293.519916490935
5519.948668002434 10347.464716490265
5220.307128002504 10397.551116491059
5010.094048003275 10393.692716492524

Spook
6384.202828002521 14870.674316493762
6290.941308002079 14854.185116489873
5870.976268002864 14780.001916491983
5579.577248003013 14546.459516493996
5512.282548002949 14480.138716489706
5120.734028002024 14094.22591649053

Dragon Alley
8604.668548003627 15355.95911649034
8701.330828002854 15621.897516489298
8718.248168001917 15988.045116492856
8672.337908001924 16234.691516493967
8667.496148002681 16446.685116493598
8696.489068003611 16674.075916489528
8689.255248003035 17086.45151649017
8660.233508003816 17448.74071649002
8655.42056800286 17834.143916493587
8698.909948003233 18065.393116493226
8783.496648002641 18254.2363164913
8795.601048002796 18427.682316493076
8783.496648002641 18547.14711649251

World Cup
5919.278588002142 9761.643116493018
5487.324428002072 9376.239916489452
5001.01574800367 8990.83671649106
4771.464448003708 8793.293916492188

Sunshine
6173.816828003318 15913.024716492942
6137.2154280035775 15962.34671649256
6057.412848002738 16454.18351649329
6103.323108002731 16893.567916494023
6241.053888002708 17386.89711649408
6381.205548002306 17814.669916491028
6456.137548003565 18527.67311648995

Sanctuary
6873.969908002429 12389.249916491452
6667.128768003697 12430.127116490667
6355.872768003193 12677.53791649295
5994.844628002619 12863.323516491506
5727.106828002823 13031.345916489387
5643.500008002578 13155.46991649154
5387.34784800302 13106.111516494082
5203.706808003051 13170.867116493013
5110.906408003902 13381.295516492457
4911.3279080019865 13514.66511649403
4733.2779480038735 13408.88671649418
4480.238348003829 13466.871916491584

Solitude
7092.915448003366 12690.569116490053
7137.384708002901 12675.827116491064
7340.392788001891 12759.073916494002
7469.909868002128 12848.472316493826
7304.511888002379 12986.464716489934
7027.407588003706 13219.169916491068
6779.6420480038605 13567.044716493172
6453.024988002004 13918.377516491717
6312.671588002096 13916.375516491598
6067.960968003137 14065.651916490253
5777.599468003124 14125.020316493476
5393.803528002693 14177.035916493536
5120.734028002024 14094.22591649053
4904.555208002704 13952.265916492024
4752.702628003569 13939.453116492303

Rooster Tail
6563.866708003111 10794.42031649154
6228.574828002269 10910.063116490277
5920.489028001953 11141.312316489915
5748.318348002921 11338.818716490949

China Bowl
5703.013308003858 11483.363116491204
5503.636548002252 11844.669516492502
5283.163548001896 12153.013916493022

Shaft
5981.24158800338 17465.81231649037
5953.487928002598 18115.297516489307
5839.908308002259 18466.011516493552
5769.616328001982 18796.050316494133

Saddle Bowl
6200.187128002269 10026.598716493425
6006.862568003812 9915.797116491774
5635.343948003512 9766.447916492269
5173.186428002701 9857.99391649391
4853.025048002566 10147.046316491413
4611.398168002785 10609.54471649069
4490.584728001871 10874.500316491094

Slot
7641.792348001887 15893.696316492082
7771.309428002124 16013.124716493678
8111.500708002884 16565.967916493493
8442.61368800199 17236.565116490852
8476.448368002162 17571.881916493625
8532.013328002353 17853.217516494056
8628.819708003264 18188.716316491194
8723.089928003208 18450.79631649162
8732.744628003406 18647.356316491936
8689.111148003398 18909.25431649282
8490.944828003652 19256.10991649336

Dry Creek
6839.241808002054 11886.784316490663
6562.6562680033 11940.14671649353
6085.397068002119 12296.648316490406
5750.105188003325 12894.0451164936

Ricochet
8251.825288002456 12704.364716493501
8411.315168002786 13078.229116494129
8522.50272800384 13818.204716490129
8607.089428003248 14531.207916494224
8495.901868002195 15637.331116493784

Repeat
6797.654548003435 18196.651516490816
6668.771508002416 18392.811116494217
6568.564368002719 18456.365516492042
6456.137548003565 18527.67311648995
6332.874408002692 18751.24191649036
6261.141428001957 19036.181116494106

Coyote
5222.7280080021255 12116.468316490114
5106.756328002502 12671.459116491747
4843.370348002368 13141.674316493265
4558.22526800188 13326.659116492807
4287.605468003217 13307.403516492797
3985.571868001955 13103.126716490238
3894.5294880028728 13001.352316490626

Ricochet
8495.901868002195 15637.331116493784
8498.322748003864 15988.045116492856
8527.315668002746 16277.097516490358
8534.578308003658 16477.515916494383
8483.826288002374 16739.595916489634
8488.668048003667 16943.836316494355
8524.894788003125 17124.9991164932
8541.812128002186 17329.239516492747

Center Bowl
6276.300748003001 10705.89551649158
5382.217888002457 10948.683516494157
5217.886248002883 10952.541916492692
5036.666088002535 10983.372716493477
4860.287688003478 11029.637116493575
4688.722228003328 11083.581916492903

Face of Five
7092.915448003366 12690.569116490053
6990.460348001971 12792.962316494311
6766.211928002546 13058.136316492095
6512.941768003902 13486.709916493226
6312.671588002096 13916.375516491598

Wazoo
9214.15390800189 14094.881116493014
9038.409548002051 14467.617116493386
8825.746768002864 14783.64191649314
8646.889848003511 15122.817116489274

Dragons Back
8965.40848800288 13377.03671649183
8832.98058800344 13743.038716493686
8625.159568003495 14174.706316492176

Dragons Tail
9410.619848002245 14833.76471649177
9347.763428002852 15909.020716492705
9224.529108002316 16760.780716494082
9040.830428003721 17994.085516490144
8886.153488002297 18707.08871649424
8796.725028003646 18915.223916490162

Head Chutes
8755.570068001885 12952.175916492706
8555.069328003528 13638.971116490553

Daves Run
8293.12434800385 10843.778716494171
8339.207528003815 11294.483516490118
8265.485968002367 11833.385516489954
8108.820448002278 12357.581916493815
7976.594288003147 12640.55551649011

Skyline
6574.501288002473 7763.4651164893285
6414.752028003207 7759.570316492955
6058.450368002576 7771.327516493273
5861.840328002586 7779.153516494205

MJBs
7059.196048002493 9398.844316492386
6878.72520800271 9435.608316492675
6590.726948003692 9447.838716490765

Cornice Bowl
6951.668628003255 8682.383116491848
6813.447908003697 8988.579916490551
6583.06082800216 9325.389116492659
6318.118568002268 9588.706716492026
6156.841848003582 9674.428716492856

Hangmans Hollow
7093.6071280032575 9700.236316491839
6943.887228002424 9718.290716490741
6780.304908003416 9730.302716491451

Climax
7423.769048003537 10099.107516492439
6923.050368002609 11475.755516492825

White Bark Bowl
4915.218608002402 5806.200716493038
4665.579768003191 5947.28711649168
4410.032828002514 6154.22111649167
4132.84206800283 6499.1111164899285

Kiwi Flat
5363.801908002263 5619.97831648938
5212.84274800333 5662.602716493495
4967.498088003105 5740.353116491689

Scottys
6336.13106800389 7175.6051164941255
6169.0327080027 7371.546316489798
5849.563008002457 7591.038316494291
5552.22706800285 7685.095916491662
5318.785068002472 7736.055916492319

Philippes
5536.80836800287 5843.219516493718
5374.811148001908 5875.797516494231
5145.20220800332 5880.82071649086
4972.22456800305 5900.913516492892

Wipeout Chutes
6731.944948003465 8161.353516491374
6529.080968002063 8168.888316494076
6274.283348001952 8173.911516490705
6039.94792800342 8171.399916489804
5805.6413280031775 8166.376716493176

Huevos Grande
7832.321368002486 10765.373116493492
7884.543208002517 10941.767516490927
7970.570908002383 11216.11431649245
7982.848228002511 11642.321916494382
7924.487728002417 11965.663116494285
7749.4062280021335 12460.44831649067

Dropout Chutes
6797.885108002033 8370.14391648978
6625.858528002638 8683.657116493805
6275.695528002072 9006.998316493708

Paranoid Flats
5913.456948003734 6767.9979164897195
5589.0878480035735 6854.22951649133
5235.235888002901 6877.743916491965
4601.282348003342 6862.0555164922625

Starr Chute
5283.595848002852 5499.567116489232
5181.371308002104 5529.6699164918555
5047.704148002516 5547.214716489975
4892.018508003639 5594.898716493731

Santiago
7295.0301080021545 6360.245116493957
7330.738088003742 6327.230316493513
7346.589088002629 6115.236716493882
7300.246528003729 5805.982316490486
7169.144348003399 5312.907916490814
7032.8833880021675 4791.7327164938115
6946.192828002747 4355.62431648998
6886.160768003596 3959.00991648989
6839.472368002701 3729.5807164908297
6788.028668003573 3609.533516489762
6701.309288003816 3530.509116489611
6548.880308002041 3515.293916492851
6363.0777680034325 3521.3727164940565
6138.2241280030785 3474.271116491934

Training Wheels
4951.820008002143 4343.867116489662
4909.022308003712 4023.3287164940634
4881.124548003294 3803.6911164930416
4866.224608003233 3512.8551164928012
4918.331168001916 3254.6335164909124
5056.033128003603 2969.694316492337
5173.272888003711 2791.6255164908534
5297.948208002657 2628.407916492222
5392.823648003529 2477.020316489586

Upper Road Runner
7641.331228002642 10303.020316490745
7487.576528003804 10061.397116491435
7354.802788002369 9942.987916491404
7215.429268003673 9759.20431649297
7134.243328003051 9505.38711649341
7121.15904800373 9154.090716492703
7157.184048002879 8917.672716489562
7231.453188002534 8647.293516490436
7252.203588003387 8417.791516490524
7184.505408002704 8155.201916489318
7103.4059280030915 7887.771116491023
6969.854048002803 7504.588316490128
6859.502268003325 7319.785516490128
6724.1059080019595 7177.825516491623
6486.91730800285 6988.181516489362
6369.821648002378 6946.357916489433
6216.643348002086 6907.519116493348
6176.929388002832 6892.777116494358
6109.231208002148 6849.35191649123
6072.514528003108 6822.670716492383
6052.542268003158 6786.416316492876
6049.544988002944 6744.993116489866
6062.024048003383 6711.941916491583
6075.281248002676 6696.7995164905005
6089.777708002117 6689.628716492052
6121.796728003598 6693.268716493208
6215.548188003622 6717.583916492857
6319.213728002779 6729.741516490094
6416.769428002209 6681.111116490797
6475.475768002249 6667.752316492453
6547.87160800254 6668.953516493559
6676.697008002884 6640.998316492755
6769.699148002343 6592.367916493458
6818.462588002913 6568.05271649381
6908.496268002495 6510.249516490774
7044.267288002095 6441.890316493698
7196.6962680038705 6390.602716491799
7257.44882800325 6369.709116490753
7269.610868002032 6296.290316494037
7264.250348002869 6201.359116491631
7198.886588002845 6095.5443164939425
7091.705008003555 5989.18351649246
6952.331488002811 5941.717916491257
6773.705128002058 5907.501916489708
6690.32886800246 5918.895116490944
6610.526288003669 5924.609916493068
6560.494768002614 5833.427916490507
6497.378968002239 5654.885916491253
6419.968448002733 5426.949116491528
6318.723788003197 5231.299116494085
6153.181708003813 5086.936716493369
6001.934348003559 4993.861916489379
5859.015968002344 4948.289116489605
5679.207988002117 4914.109516491067
5424.3239080030435 4860.8927164899
5257.600208002137 4849.4995164938355
5108.744908003216 4769.747116490351
4959.889608002247 4621.562716494111
4908.532368002082 4498.166716490118
4844.580788002178 4308.5955164938805
4737.773868003171 4084.0439164897475
4609.380768003783 3882.20591649241
4371.212288003461 3805.037916490676
4229.792548003378 3775.3719164931567
4049.321708003596 3656.635116491884
3930.2374680024113 3490.4327164894084
3833.4599080038843 3318.2971164926016
3792.564328003108 3289.4319164940953
3711.5801280027954 3278.803116494032
3602.986368003384 3362.3775164930407
3487.7063680036526 3499.132316490204

Oops
5156.528468002574 4055.979516490254
5255.150508002178 3797.757916493538
5310.974848003351 3533.603116492145
5351.899248002417 3227.9159164942257
5424.468008002679 2996.4119164941962

Surprise
5007.644348003316 4337.933916490158
5106.26638800292 4177.664716492359
5113.730768002095 3883.843916493447
5143.501828001879 3590.0231164893626
5184.4262280029925 3308.0687164894584
5292.357128002848 3061.71351649175
5431.903568003565 2859.9119164922513

Arriba
6574.443648003848 6607.000716493758
6599.517048001977 6416.301116492094
6607.240808002135 6197.901116490016
6611.102688002214 6047.168716489864
6617.644828002898 5840.271116492886
6635.513228002836 5541.099516490931
6638.51050800305 5089.994316492892
6629.576308003081 4890.595116490431
6613.206548002227 4524.884316491978
6550.667148002443 4228.115116492234
6443.485568003153 3990.6779164927
6282.6987880020015 3757.9727164915653
6105.5422480020425 3518.169516492833
5990.896288003577 3342.4667164905486
5779.530408003163 3102.663516491816
5590.442388003021 2841.4935164942676

Hemlock Bowl
6228.25780800266 2546.216716493859
6045.0202480033095 2388.5683164904776
5844.922988003524 2330.874316491304

Santiago Bowl
7428.40906800247 4883.242316492442
7183.467888002866 4409.532716491469
6952.014468003202 4095.7647164922264

Lower Road Runner
2717.030748003617 6280.41991648962
2574.314108002713 6308.120316490033
2404.621948001929 6428.09471649025
2198.2995680031154 6597.281916491397
1999.6721280020752 6803.378716489362
1955.6639880038333 6898.127916492229
1928.0256080023505 7109.138716493306
1932.9538280026043 7337.512316492962
1967.5090080030059 7496.580316489655
2018.8374280028343 7696.598316491589
2052.412728002024 7838.339916492714
2063.2778680020324 8065.148316492185
2089.936368002303 8318.710716491352

Juniper
6123.353008003354 20389.86071649248
6211.138728003287 20451.52231649405

Ski Back Trail
2655.5576880019617 19573.445116492905
2610.829048003491 19899.88031649017
2586.620248003179 19963.79871649225
2566.1004080029725 20000.96311648946
2473.847588002032 20076.78431649356
2322.8884280030984 20197.195516493706
2247.4088480036316 20292.308716490483
2207.320228002047 20356.227116492562
2142.100568003707 20469.212716493872
2118.669908002249 20556.463516491873
2117.862948003058 20640.183516492583
2117.862948003058 20873.58031649404
2153.2827280033243 21153.023116493045
2151.409428001911 21237.76231649015
2148.613888002006 21347.763116492784
2131.84064800258 21573.73431649023
2145.818348002102 21738.7355164916
2212.9113080039033 22117.80511649357
2222.248988002444 22328.888716490324
2229.68454800333 22584.562316493473
2262.308788003692 22828.369516492443
2290.264188002736 22975.53471649229
2294.9330280020063 23107.848716489287
2285.595348003466 23220.834316490596
2273.4909480033098 23356.096716493597
2236.226688001966 23469.082316489734
2200.806908003747 23537.44151649198
2074.056548003078 23620.688316489748
1993.93694800263 23678.673516492323
1866.2643480034703 23714.345516490197
1775.8560080036063 23721.77111649421
1719.022968002932 23723.263516493545
1678.9631680037317 23745.576716493077
1642.6211480029267 23776.771516492943
1599.7369880034853 23870.428716493392
1554.0861080024285 24001.250316491052
1517.7440880036713 24050.317516490282
1486.0420880038475 24106.810316493524
1413.3580480022374 24328.304316492962
1379.8115680033845 24557.22391649124
1338.829528003646 24723.717516491946
1260.5544080022269 24989.801516492604
1177.6104480035856 25211.295516492042
1156.168368002841 25282.675916490804
1151.5283480039075 25388.199516490262
1162.7105080035249 25581.447116490664
1141.2684280027804 25697.417516490645
1116.1085680036408 25802.941116490103
1103.0531080026094 25914.434316492076
1114.235268002227 26037.830316490898
1125.4174280038924 26150.815916492207
1117.9818680030066 26317.30951649291
1117.0308080021314 26473.392716490933
1139.3951280034144 26575.96791648956
1163.6327480020157 26660.670716493994
1201.8480680021867 26749.88711649428
1206.488088003168 26846.49271649039
1190.665908002569 26925.29871649316
1201.8480680021867 26989.21711649007
1224.2123880034696 27054.627916491485
1228.8524080024033 27173.546716492296
1238.1900880029916 27237.46511649438
1246.0291280024492 27308.991116489666
1273.0911080033393 27387.433116493354
1383.759908002426 27538.493116489575
1447.3080080037575 27621.412316491274
1485.7250680021907 27627.8915164894
1534.9208080037172 27640.558716492593

Quicksilver
6404.809128003737 14676.334716490943
6722.26142800293 14915.555516493214
6864.5169480025415 15159.217116490481
6944.261888002707 15390.46631649012
7019.193888001918 15879.937116491647
7106.893148002888 16290.383516493022
7262.866988003086 16529.640716493133
7401.001248003682 16662.937516493854
7588.590628002693 17130.713916490153
7658.536768003025 17508.800716493566
7685.800488002176 17829.70311649342
7685.800488002176 18365.51111649072
7660.237148002418 18749.02151649286
7684.100108002784 19040.03951649264
7699.864648002709 19180.725516494364

Avalanche Chutes
5659.120448002868 16546.42111649008
5038.597028002575 16690.85631649165
4871.815688003042 16639.459516491057

Lower Via
5045.917308002113 17735.099516492257
4887.926068002914 17921.21271649205
4772.905448002118 18132.478316493518
4670.796188002717 18388.079116490644
4611.369348002448 18648.812316493433
4593.875608002792 18892.36471649201
4481.477608001928 19251.74191649404
4433.665228002234 19425.915916493977
4369.050788002775 19669.140716491314
4395.190528003127 19738.519116489955

Via
5598.771368002061 16667.742316493102
5413.199388002052 17018.165116493947
5292.962348003777 17221.78671649402
5128.16958800291 17463.30071648947
5045.917308002113 17735.099516492257

Grizzly
5481.041668002371 17328.183916493344
5469.80186800208 17543.526316490726
5483.2896280020195 17690.655116492737
5500.178148002793 17753.4815164924
5491.1574880038615 17990.3363164903
5501.302128003641 18146.455916491333
5468.649068002942 18222.568316493664

