5727.13564800316 18689.90791649003
5595.975828002156 18646.191516493844
5434.6702880031335 18819.164316492675
5334.174948002115 19080.661916491466
5193.99446800218 19236.74511648949
5112.001568002365 19300.008316494255
4971.849908002767 19439.20191649147
4866.05168800326 19633.25031649089
4733.825528002082 19780.88871649368
4501.104028001933 19966.49231649269
4384.757688002027 20114.13071649031
4318.644608003486 20392.51791648991
4247.574488002306 20530.801516489417
4171.6049680032565 20649.574716493702
3965.3690480034056 20791.461916491357
